Run semi-empirical minimization
 &qmmm
    qm_theory='AM1', grms_tol=0.0005,
 scfconv=1.d-10, ndiis_attempts=700,   qmcharge=-1,
 /
   6    C1        3.6070        1.3150       -0.3040 
   6    C2        2.3350        1.4980       -0.8420 
   6    C3       -4.7250        0.6730        0.1190 
   6    C4       -4.9360        1.7180       -0.7710 
   6    C5       -6.1840        2.3190       -0.8720 
   6    C6        2.0620        2.6280       -1.5990 
   6    C7        5.6900        0.9070        1.8200 
   6    C8        6.9840        0.7250        2.2700 
   6    C9        7.7450       -0.3230        1.7870 
   6   C10        7.2120       -1.1950        0.8490 
   6   C11        5.9140       -1.0150        0.3960 
   6   C12        5.1520        0.0370        0.8820 
   6   C13        3.0510        3.5680       -1.8180 
   6   C14        4.3140        3.3860       -1.2840 
   6   C15        4.5930        2.2630       -0.5280 
   6   C16       -5.8440        0.2180        0.9420 
   6   C17       -7.0980        0.8610        0.8060 
   6   C18       -7.2380        1.9170       -0.1110 
   6   C19       -5.7000       -0.8330        1.8550 
   6   C20       -6.7690       -1.2260        2.6030 
   6   C21       -8.0040       -0.5960        2.4730 
   6   C22       -8.1790        0.4300        1.5940 
   6   C23       -3.4010        0.0320        0.2270 
   6   C24       -1.0380       -0.1050       -0.3500 
   6   C25        0.0360        0.9060       -0.6580 
   6   C26       -0.9490       -1.2630       -1.3450 
   6   C27       -1.9560       -2.3470       -0.9580 
   6   C28       -1.8690       -3.4880       -1.9390 
   6   C29        9.2900       -2.3500        0.8860 
   7    N1       -2.3530        0.5320       -0.4570 
   7    N2        1.3340        0.5440       -0.6200 
   8    O1       -3.2560       -0.9460        0.9340 
   8    O2       -1.0810       -3.4390       -2.8540 
   8    O3       -2.6650       -4.5590       -1.7960 
   8    O4       -0.2670        2.0460       -0.9390 
   8    O5        3.8780        0.2120        0.4430 
   8    O6        7.9610       -2.2250        0.3750 
   1    H1       -4.1230        2.0650       -1.3910 
   1    H2       -6.3210        3.1300       -1.5720 
   1    H3        1.0770        2.7730       -2.0180 
   1    H4        5.0960        1.7240        2.2010 
   1    H5        7.4010        1.4030        2.9990 
   1    H6        8.7560       -0.4630        2.1400 
   1    H7        5.4970       -1.6940       -0.3340 
   1    H8        2.8380        4.4480       -2.4070 
   1    H9        5.0840        4.1230       -1.4580 
   1   H10        5.5800        2.1240       -0.1120 
   1   H11       -8.1930        2.4100       -0.2180 
   1   H12       -4.7480       -1.3300        1.9650 
   1   H13       -6.6580       -2.0370        3.3070 
   1   H14       -8.8370       -0.9260        3.0770 
   1   H15       -9.1430        0.9090        1.5030 
   1   H16       -0.9000       -0.4850        0.6630 
   1   H17       -1.1750       -0.8990       -2.3480 
   1   H18        0.0580       -1.6800       -1.3290 
   1   H19       -1.7310       -2.7120        0.0440 
   1   H20       -2.9630       -1.9300       -0.9750 
   1   H21        9.8540       -1.4460        0.6550 
   1   H22        9.2520       -2.4880        1.9670 
   1   H23        9.7760       -3.2100        0.4260 
   1   H24       -2.4690        1.3120       -1.0210 
   1   H25        1.5750       -0.3790       -0.4390 

